67446
46982
44805
43767
39688
70755
75247
33604
39240
31593
22328
29664
34831
33034
19158
35093
22168
27293
34112
29791
19054
23200
17226
23924
22238
15552
30272
17626
21108
22617
18019
26861
17384
11166
17969
12067
11246
19668
12300
15889
11310
10099
14736
11236
9404
11923
9052
11137
15122
12594
10217
10816
9867
10236
10196
11189
10423
16551
11545
10700
8253
8756
8968
8185
8243
8791
7953
10496
9771
5856
9107
7670
9404
9200
7690
8062
5860
8767
8164
7882
6893
7718
7671
8448
6117
6879
7380
7269
9257
8002
6715
7338
7500
6956
7806
6043
7093
5969
7355
8627
