26.9784
18.7928
17.922
17.5068
15.8752
28.302
30.0988
13.4416
15.696
12.6372
8.9312
11.8656
13.9324
13.2136
7.6632
14.0372
8.8672
10.9172
13.6448
11.9164
7.6216
9.28
6.8904
9.5696
8.8952
6.2208
12.1088
7.0504
8.4432
9.0468
7.2076
10.7444
6.9536
4.4664
7.1876
4.8268
4.4984
7.8672
4.92
6.3556
4.524
4.0396
5.8944
4.4944
3.7616
4.7692
3.6208
4.4548
6.0488
5.0376
4.0868
4.3264
3.9468
4.0944
4.0784
4.4756
4.1692
6.6204
4.618
4.28
3.3012
3.5024
3.5872
3.274
3.2972
3.5164
3.1812
4.1984
3.9084
2.3424
3.6428
3.068
3.7616
3.68
3.076
3.2248
2.344
3.5068
3.2656
3.1528
2.7572
3.0872
3.0684
3.3792
2.4468
2.7516
2.952
2.9076
3.7028
3.2008
2.686
2.9352
3.0
2.7824
3.1224
2.4172
2.8372
2.3876
2.942
3.4508
