-38545.0
-28549.0
-31351.0
-25494.0
-24193.0
-40154.0
-43651.0
-19157.0
-22080.0
-17523.0
-13523.0
-19172.0
-20398.0
-18923.0
-10932.0
-18346.0
-14993.0
-13469.0
-20464.0
-16385.0
-10299.0
-12697.0
-12187.0
-15602.0
-12612.0
-9141.0
-16484.0
-10839.0
-11270.0
-13663.0
-11038.0
-12537.0
-9542.0
-6303.0
-12093.0
-7779.0
-8677.0
-10722.0
-7493.0
-11168.0
-13315.0
-6401.0
-9282.0
-6767.0
-5335.0
-8679.0
-8632.0
-8319.0
-8754.0
-8148.0
-9461.0
-8320.0
-8537.0
-6621.0
-6632.0
-8093.0
-5776.0
-8475.0
-7548.0
-6923.0
-5807.0
-9535.0
-7490.0
-5377.0
-7291.0
-6972.0
-4738.0
-6671.0
-6255.0
-5211.0
-7848.0
-6252.0
-8582.0
-5646.0
-6333.0
-10229.0
-9189.0
-5339.0
-6637.0
-6405.0
-6891.0
-5720.0
-5737.0
-5922.0
-4209.0
-8735.0
-6216.0
-7788.0
-7104.0
-4403.0
-4741.0
-6754.0
-5985.0
-5872.0
-9138.0
-7160.0
-9306.0
-8430.0
-7026.0
-4793.0
